# After start

can0  19E   [8]  C0 00 00 00 00 00 00 00
can0  19F   [8]  C0 00 00 00 00 00 00 00
can0  21E   [8]  02 00 00 00 00 00 00 00
can0  21F   [8]  02 00 00 00 00 00 00 00
can0  21E   [8]  02 00 00 00 00 00 00 00
can0  21F   [8]  02 00 00 00 00 00 00 00
can0  080   [0]
can0  19F   [8]  40 00 00 00 00 00 00 00
can0  19E   [8]  40 00 00 00 00 00 00 00
can0  21E   [8]  02 00 00 00 00 00 00 00
can0  21F   [8]  02 00 00 00 00 00 00 00
can0  080   [0]
can0  19E   [8]  C0 00 00 00 00 00 00 00
can0  19F   [8]  C0 00 00 00 00 00 00 00
can0  21E   [8]  02 00 00 00 00 00 00 00
can0  21F   [8]  02 00 00 00 00 00 00 00
can0  21E   [8]  02 00 00 00 00 00 00 00
can0  21F   [8]  02 00 00 00 00 00 00 00
can0  080   [0]
can0  19F   [8]  40 00 00 00 00 00 00 00
can0  29F   [8]  00 00 0A 17 10 00 1D 15
can0  19E   [8]  40 00 00 00 00 00 00 00
can0  29E   [8]  00 00 0A 16 13 00 1D 15
can0  21E   [8]  02 00 00 00 00 00 00 00
can0  21F   [8]  02 00 00 00 00 00 00 00
can0  080   [0]
can0  19E   [8]  C0 00 00 00 00 00 00 00
can0  19F   [8]  C0 00 00 00 00 00 00 00
can0  21E   [8]  02 00 00 00 00 00 00 00
can0  21F   [8]  02 00 00 00 00 00 00 00
can0  21E   [8]  02 00 00 00 00 00 00 00
can0  21F   [8]  02 00 00 00 00 00 00 00
can0  080   [0]
can0  19F   [8]  40 00 00 00 00 00 00 00
can0  19E   [8]  40 00 00 00 00 00 00 00
can0  21E   [8]  02 00 00 00 00 00 00 00
can0  21F   [8]  02 00 00 00 00 00 00 00
can0  080   [0]
can0  19E   [8]  C0 00 00 00 00 00 00 00
can0  19F   [8]  C0 00 00 00 00 00 00 00
can0  21E   [8]  02 00 00 00 00 00 00 00
can0  21F   [8]  02 00 00 00 00 00 00 00
can0  21E   [8]  02 00 00 00 00 00 00 00
can0  21F   [8]  02 00 00 00 00 00 00 00
can0  080   [0]
can0  19F   [8]  40 00 00 00 00 00 00 00
can0  19E   [8]  40 00 00 00 00 00 00 00
can0  21E   [8]  02 00 00 00 00 00 00 00
can0  21F   [8]  02 00 00 00 00 00 00 00
can0  080   [0]
can0  19E   [8]  C0 00 00 00 00 00 00 00
can0  19F   [8]  C0 00 00 00 00 00 00 00
can0  21E   [8]  02 00 00 00 00 00 00 00
can0  21F   [8]  02 00 00 00 00 00 00 00
can0  21E   [8]  02 00 00 00 00 00 00 00
can0  21F   [8]  02 00 00 00 00 00 00 00
can0  080   [0]
can0  19F   [8]  40 00 00 00 00 00 00 00
can0  19E   [8]  40 00 00 00 00 00 00 00
can0  21E   [8]  02 00 00 00 00 00 00 00
can0  21F   [8]  02 00 00 00 00 00 00 00
can0  080   [0]
can0  19E   [8]  C0 00 00 00 00 00 00 00
can0  19F   [8]  C0 00 00 00 00 00 00 00
can0  21E   [8]  02 00 00 00 00 00 00 00
can0  21F   [8]  02 00 00 00 00 00 00 00
can0  21E   [8]  02 00 00 00 00 00 00 00
can0  21F   [8]  02 00 00 00 00 00 00 00
can0  080   [0]
can0  19F   [8]  40 00 00 00 00 00 00 00
can0  19E   [8]  40 00 00 00 00 00 00 00
can0  21E   [8]  02 00 00 00 00 00 00 00
can0  21F   [8]  02 00 00 00 00 00 00 00
can0  080   [0]
can0  19E   [8]  C0 00 00 00 00 00 00 00
can0  19F   [8]  C0 00 00 00 00 00 00 00
can0  21E   [8]  02 00 00 00 00 00 00 00
can0  21F   [8]  02 00 00 00 00 00 00 00
can0  21E   [8]  02 00 00 00 00 00 00 00
can0  21F   [8]  02 00 00 00 00 00 00 00
can0  080   [0]
can0  19F   [8]  40 00 00 00 00 00 00 00
can0  19E   [8]  40 00 00 00 00 00 00 00
can0  21E   [8]  02 00 00 00 00 00 00 00
can0  21F   [8]  02 00 00 00 00 00 00 00
can0  080   [0]
can0  19E   [8]  C0 00 00 00 00 00 00 00
can0  19F   [8]  C0 00 00 00 00 00 00 00
can0  21E   [8]  02 00 00 00 00 00 00 00
can0  21F   [8]  02 00 00 00 00 00 00 00
can0  21E   [8]  02 00 00 00 00 00 00 00
can0  21F   [8]  02 00 00 00 00 00 00 00
can0  080   [0]
can0  19F   [8]  40 00 00 00 00 00 00 00
can0  19E   [8]  40 00 00 00 00 00 00 00
can0  21E   [8]  02 00 00 00 00 00 00 00
can0  21F   [8]  02 00 00 00 00 00 00 00
can0  080   [0]
can0  19E   [8]  C0 00 00 00 00 00 00 00
can0  19F   [8]  C0 00 00 00 00 00 00 00
can0  21E   [8]  02 00 00 00 00 00 00 00
can0  21F   [8]  02 00 00 00 00 00 00 00
can0  21E   [8]  02 00 00 00 00 00 00 00
can0  21F   [8]  02 00 00 00 00 00 00 00
can0  080   [0]
can0  19F   [8]  40 00 00 00 00 00 00 00
can0  19E   [8]  40 00 00 00 00 00 00 00
can0  21E   [8]  02 00 00 00 00 00 00 00
can0  21F   [8]  02 00 00 00 00 00 00 00
can0  080   [0]
can0  19E   [8]  C0 00 00 00 00 00 00 00
can0  19F   [8]  C0 00 00 00 00 00 00 00
can0  21E   [8]  02 00 00 00 00 00 00 00
can0  21F   [8]  02 00 00 00 00 00 00 00